-0.5 -3.75
-0.4 -3.3600000000000003
-0.3 -2.9899999999999998
-0.19999999999999996 -2.6399999999999997
-0.09999999999999998 -2.31
0.0 -2.0
0.10000000000000009 -1.7099999999999997
0.20000000000000007 -1.44
0.30000000000000004 -1.19
0.4 -0.96
0.5 -0.75
0.6000000000000001 -0.5599999999999998
0.7000000000000002 -0.3899999999999997
0.8 -0.23999999999999977
0.9000000000000001 -0.1100000000000001
1.0 0.0
1.1 0.08999999999999986
1.2000000000000002 0.16000000000000014
1.3 0.20999999999999996
1.4000000000000001 0.2400000000000002
1.5 0.25
1.6 0.23999999999999977
1.7000000000000002 0.20999999999999996
1.8000000000000003 0.1599999999999997
1.9000000000000004 0.08999999999999986
2.0 0.0
